# Matter power spectrum P(k) at redshift z=100
# for k=1.045e-05 to 106.861 h/Mpc,
# number of wavenumbers equal to 623
#    1:k (h/Mpc)              2:P (Mpc/h)^3        
       1.045004358465e-05       7.454560927911e-03 
       2.333095830364e-05       1.614157454337e-02 
       3.625717138197e-05       2.466669423036e-02 
       4.926346170446e-05       3.312587388992e-02 
       6.238518340033e-05       4.157319629697e-02 
       7.565858108432e-05       5.004889077810e-02 
       8.912111517766e-05       5.858716562749e-02 
       1.028118016360e-04       6.721942542402e-02 
       1.167715704439e-04       7.597590096854e-02 
       1.310436472695e-04       8.488663952874e-02 
       1.456739626796e-04       9.398219289039e-02 
       1.607115932535e-04       1.032941458288e-01 
       1.762092387588e-04       1.128555739920e-01 
       1.922237391794e-04       1.227014594007e-01 
       2.088166347274e-04       1.328690863775e-01 
       2.260547708937e-04       1.433984453060e-01 
       2.440109489228e-04       1.543326322632e-01 
       2.627646196243e-04       1.657182579088e-01 
       2.824026148746e-04       1.776058682158e-01 
       3.030199061975e-04       1.900503593479e-01 
       3.247203730558e-04       2.031113891671e-01 
       3.476175545344e-04       2.168537613830e-01 
       3.718353465747e-04       2.313477670600e-01 
       3.975085925723e-04       2.466694415614e-01 
       4.247834979996e-04       2.629007080562e-01 
       4.538177802962e-04       2.801293441203e-01 
       4.847804449377e-04       2.984487145648e-01 
       5.178510599038e-04       3.179571978154e-01 
       5.532183878397e-04       3.387572184153e-01 
       5.910782339040e-04       3.609538264342e-01 
       6.316303850249e-04       3.846527213928e-01 
       6.750745609842e-04       4.099577378220e-01 
       7.216053758472e-04       4.369677674242e-01 
       7.714064215132e-04       4.657732028594e-01 
       8.246437268604e-04       4.964520733977e-01 
       8.814589978991e-04       5.290661348106e-01 
       9.419631766203e-04       5.636572121461e-01 
       1.006230932013e-03       6.002441700873e-01 
       1.074296682416e-03       6.388208582254e-01 
       1.146152626855e-03       6.793552825395e-01 
       1.221749044348e-03       7.217901312369e-01 
       1.300996843579e-03       7.660446315595e-01 
       1.383772069420e-03       8.120154400304e-01 
       1.469921856686e-03       8.595824138553e-01 
       1.559271205765e-03       9.086186770403e-01 
       1.651629950109e-03       9.589854420987e-01 
       1.746799373907e-03       1.010539679901e+00 
       1.844578083652e-03       1.063137620990e+00 
       1.944766900246e-03       1.116637692431e+00 
       2.047172686846e-03       1.170902723676e+00 
       2.151611143041e-03       1.225801613922e+00 
       2.257908672078e-03       1.281210431127e+00 
       2.365903467808e-03       1.337013003710e+00 
       2.475445979787e-03       1.393101170551e+00 
       2.586398907712e-03       1.449374850627e+00 
       2.698636858273e-03       1.505741726112e+00 
       2.812045774843e-03       1.562117064014e+00 
       2.926522227346e-03       1.618423017351e+00 
       3.041972628545e-03       1.674588622294e+00 
       3.158312425015e-03       1.730548841227e+00 
       3.275465296538e-03       1.786244530544e+00 
       3.393362386273e-03       1.841621586969e+00 
       3.511941575581e-03       1.896631125418e+00 
       3.631146811106e-03       1.951228303962e+00 
       3.750927487357e-03       2.005372683275e+00 
       3.871237885001e-03       2.059027384203e+00 
       3.992036663108e-03       2.112159268415e+00 
       4.113286402413e-03       2.164738475172e+00 
       4.234953195938e-03       2.216737424779e+00 
       4.357006283050e-03       2.268132222385e+00 
       4.479417722957e-03       2.318900972656e+00 
       4.602162103782e-03       2.369024521295e+00 
       4.725216283514e-03       2.418485385026e+00 
       4.848559159457e-03       2.467268424263e+00 
       4.972171463027e-03       2.515360574728e+00 
       5.096035577095e-03       2.562750219215e+00 
       5.220135373297e-03       2.609427993445e+00 
       5.344456067073e-03       2.655385225190e+00 
       5.468984088379e-03       2.700614860915e+00 
       5.593706966284e-03       2.745112595912e+00 
       5.718613225869e-03       2.788872886898e+00 
       5.843692296004e-03       2.831893770536e+00 
       5.968934426788e-03       2.874173569294e+00 
       6.094330615523e-03       2.915710512218e+00 
       6.219872540296e-03       2.956505227812e+00 
       6.345552500285e-03       2.996558540643e+00 
       6.471363362067e-03       3.035871413169e+00 
       6.597298511245e-03       3.074447283980e+00 
       6.723351808830e-03       3.112290006580e+00 
       6.849517551848e-03       3.149402088502e+00 
       6.975790437733e-03       3.185787820288e+00 
       7.102165532088e-03       3.221453667271e+00 
       7.228638239472e-03       3.256402600796e+00 
       7.355204276894e-03       3.290641132461e+00 
       7.481859649729e-03       3.324177419933e+00 
       7.608600629819e-03       3.357016342417e+00 
       7.735423735527e-03       3.389164446342e+00 
       7.862325713566e-03       3.420628802193e+00 
       7.989303522403e-03       3.451417991759e+00 
       8.116354317107e-03       3.481537118073e+00 
       8.243475435493e-03       3.510996215179e+00 
       8.370664385429e-03       3.539799772373e+00 
       8.497918833216e-03       3.567960152361e+00 
       8.625236592919e-03       3.595481808397e+00 
       8.752615616576e-03       3.622373422608e+00 
       8.880053985201e-03       3.648642947014e+00 
       9.007549900508e-03       3.674298723617e+00 
       9.135101677287e-03       3.699346052699e+00 
       9.262707736385e-03       3.723800332491e+00 
       9.390366598231e-03       3.747661680522e+00 
       9.518076876859e-03       3.770940914959e+00 
       9.645837274391e-03       3.793645998405e+00 
       9.773646575931e-03       3.815784118053e+00 
       9.901503644852e-03       3.837362185556e+00 
       1.002940741843e-02       3.858386866385e+00 
       1.015735690378e-02       3.878868177853e+00 
       1.028535117414e-02       3.898812532047e+00 
       1.041338936539e-02       3.918226180707e+00 
       1.054147067279e-02       3.937116316192e+00 
       1.066959434803e-02       3.955489512579e+00 
       1.079775969644e-02       3.973354542784e+00 
       1.092596607441e-02       3.990714978931e+00 
       1.105421288699e-02       4.007579259706e+00 
       1.118249958563e-02       4.023954270761e+00 
       1.131082566619e-02       4.039845097402e+00 
       1.143919066690e-02       4.055259283900e+00 
       1.156759416668e-02       4.070201696606e+00 
       1.169603578339e-02       4.084677877516e+00 
       1.182451517231e-02       4.098695131489e+00 
       1.195303202469e-02       4.112257455695e+00 
       1.208158606643e-02       4.125371090974e+00 
       1.221017705681e-02       4.138043852871e+00 
       1.233880478730e-02       4.150278811592e+00 
       1.246746908058e-02       4.162080356686e+00 
       1.259616978942e-02       4.173456785071e+00 
       1.272490679583e-02       4.184411354024e+00 
       1.285368001017e-02       4.194949073222e+00 
       1.298248937038e-02       4.205076435101e+00 
       1.311133484117e-02       4.214796915615e+00 
       1.324021641342e-02       4.224115816159e+00 
       1.336913410352e-02       4.233038121197e+00 
       1.349808795276e-02       4.241569916436e+00 
       1.362707802683e-02       4.249714020972e+00 
       1.375610441532e-02       4.257474939493e+00 
       1.388516723129e-02       4.264859229798e+00 
       1.401426661081e-02       4.271870211476e+00 
       1.414340271265e-02       4.278513350944e+00 
       1.427257571792e-02       4.284792768737e+00 
       1.440178582977e-02       4.290712764590e+00 
       1.453103327311e-02       4.296277051327e+00 
       1.466031829438e-02       4.301492155364e+00 
       1.478964116137e-02       4.306359187237e+00 
       1.491900216301e-02       4.310888009111e+00 
       1.504840160920e-02       4.315076844504e+00 
       1.517783983073e-02       4.318934143048e+00 
       1.530731717916e-02       4.322462756627e+00 
       1.543683402673e-02       4.325666841229e+00 
       1.556639076630e-02       4.328550908517e+00 
       1.569598781137e-02       4.331118530003e+00 
       1.582562559600e-02       4.333374950561e+00 
       1.595530457486e-02       4.335324505816e+00 
       1.608502522327e-02       4.336969400199e+00 
       1.621478803722e-02       4.338316169997e+00 
       1.634459353345e-02       4.339365579040e+00 
       1.647444224958e-02       4.340126266054e+00 
       1.660433474414e-02       4.340599292058e+00 
       1.673427159678e-02       4.340788716588e+00 
       1.686425340835e-02       4.340699381553e+00 
       1.699428080111e-02       4.340336199527e+00 
       1.712435441886e-02       4.339701262462e+00 
       1.725447492718e-02       4.338797833667e+00 
       1.738464301363e-02       4.337635424981e+00 
       1.751485938798e-02       4.336206909678e+00 
       1.764512478243e-02       4.334525736212e+00 
       1.777543995193e-02       4.332591754538e+00 
       1.790580567440e-02       4.330410311545e+00 
       1.803622275109e-02       4.327987080071e+00 
       1.816669200684e-02       4.325318394835e+00 
       1.829721429042e-02       4.322415236167e+00 
       1.842779047491e-02       4.319279501231e+00 
       1.855842145803e-02       4.315911100240e+00 
       1.868910816253e-02       4.312319842993e+00 
       1.881985153660e-02       4.308503184176e+00 
       1.895065255427e-02       4.304465413354e+00 
       1.908151221584e-02       4.300216656003e+00 
       1.921243154835e-02       4.295751115785e+00 
       1.934341160602e-02       4.291076528818e+00 
       1.947445347077e-02       4.286201405896e+00 
       1.960555825268e-02       4.281121128186e+00 
       1.973672709056e-02       4.275841076611e+00 
       1.986796115246e-02       4.270367069710e+00 
       1.999926163623e-02       4.264699984016e+00 
       2.013062977012e-02       4.258841107525e+00 
       2.026206681336e-02       4.252794531173e+00 
       2.039357405681e-02       4.246569508999e+00 
       2.052515282356e-02       4.240162507886e+00 
       2.065680446963e-02       4.233580218329e+00 
       2.078853038464e-02       4.226827928914e+00 
       2.092033199250e-02       4.219894801327e+00 
       2.105221075219e-02       4.212803977766e+00 
       2.118416815845e-02       4.205544928715e+00 
       2.131620574262e-02       4.198125761230e+00 
       2.144832507339e-02       4.190542048281e+00 
       2.158052775766e-02       4.182810813016e+00 
       2.171281544138e-02       4.174920393120e+00 
       2.184518981047e-02       4.166885813715e+00 
       2.197765259164e-02       4.158694706364e+00 
       2.211020555343e-02       4.150365071486e+00 
       2.224285050711e-02       4.141892731274e+00 
       2.237558930770e-02       4.133283644190e+00 
       2.250842385501e-02       4.124537127142e+00 
       2.264135609466e-02       4.115655112897e+00 
       2.277438801924e-02       4.106644536915e+00 
       2.290752166936e-02       4.097508908947e+00 
       2.304075913486e-02       4.088241512203e+00 
       2.317410255604e-02       4.078850549872e+00 
       2.330755412480e-02       4.069345543760e+00 
       2.344111608601e-02       4.059722082542e+00 
       2.357479073879e-02       4.049978901882e+00 
       2.370858043787e-02       4.040120858681e+00 
       2.384248759499e-02       4.030157237117e+00 
       2.397651468034e-02       4.020085421515e+00 
       2.411066422407e-02       4.009909026657e+00 
       2.424493881783e-02       3.999624018046e+00 
       2.437934111633e-02       3.989246110308e+00 
       2.451387383901e-02       3.978759328601e+00 
       2.464853977174e-02       3.968187523901e+00 
       2.478334176854e-02       3.957517294050e+00 
       2.491828275342e-02       3.946756054892e+00 
       2.505336572221e-02       3.935905685613e+00 
       2.518859374453e-02       3.924977909896e+00 
       2.532396996575e-02       3.913952750296e+00 
       2.545949760907e-02       3.902852582341e+00 
       2.559517997761e-02       3.891665919383e+00 
       2.573102045669e-02       3.880403661461e+00 
       2.586702251600e-02       3.869060971894e+00 
       2.600318971206e-02       3.857649472462e+00 
       2.613952569055e-02       3.846162617511e+00 
       2.627603418892e-02       3.834613213839e+00 
       2.641271903892e-02       3.822988562377e+00 
       2.654958416936e-02       3.811312097298e+00 
       2.668663360886e-02       3.799547338088e+00 
       2.682387148875e-02       3.787732474366e+00 
       2.696130204606e-02       3.775868344789e+00 
       2.709892962664e-02       3.763927031852e+00 
       2.723675868836e-02       3.751937802957e+00 
       2.737479380444e-02       3.739894482595e+00 
       2.751303966691e-02       3.727804037981e+00 
       2.765150109016e-02       3.715648586651e+00 
       2.779018301472e-02       3.703462307982e+00 
       2.792909051104e-02       3.691213226571e+00 
       2.806822878351e-02       3.678922063661e+00 
       2.820760317466e-02       3.666582353728e+00 
       2.834721916939e-02       3.654209877967e+00 
       2.848708239949e-02       3.641799062649e+00 
       2.862719864828e-02       3.629334874123e+00 
       2.876757385545e-02       3.616839282554e+00 
       2.890821412206e-02       3.604306018082e+00 
       2.904912571580e-02       3.591736812717e+00 
       2.919031507636e-02       3.579138886142e+00 
       2.933178882113e-02       3.566503768955e+00 
       2.947355375108e-02       3.553837979646e+00 
       2.961561685685e-02       3.541147601797e+00 
       2.975798532515e-02       3.528419669262e+00 
       2.990066654540e-02       3.515678992409e+00 
       3.004366811665e-02       3.502905688963e+00 
       3.018699785478e-02       3.490102554822e+00 
       3.033066380005e-02       3.477293057045e+00 
       3.047467422493e-02       3.464446511019e+00 
       3.061903764232e-02       3.451589557664e+00 
       3.076376281406e-02       3.438712788682e+00 
       3.090885875989e-02       3.425805346625e+00 
       3.105433476679e-02       3.412898361612e+00 
       3.120020039870e-02       3.399969073243e+00 
       3.134646550675e-02       3.387024095299e+00 
       3.149314023990e-02       3.374070090476e+00 
       3.164023505612e-02       3.361099536605e+00 
       3.178776073406e-02       3.348116312289e+00 
       3.193572838529e-02       3.335118540199e+00 
       3.208414946714e-02       3.322118705052e+00 
       3.223303579609e-02       3.309108908492e+00 
       3.238239956191e-02       3.296087803657e+00 
       3.253225334243e-02       3.283067500448e+00 
       3.268261011904e-02       3.270027872748e+00 
       3.283348329301e-02       3.257000535629e+00 
       3.298488670259e-02       3.243951835370e+00 
       3.313683464103e-02       3.230907999542e+00 
       3.328934187547e-02       3.217859898979e+00 
       3.344242366689e-02       3.204811456418e+00 
       3.359609579103e-02       3.191754086328e+00 
       3.375037456053e-02       3.178695309428e+00 
       3.390527684814e-02       3.165652347583e+00 
       3.406082011128e-02       3.152591861648e+00 
       3.421702241793e-02       3.139535822438e+00 
       3.437390247395e-02       3.126492473621e+00 
       3.453147965192e-02       3.113438525373e+00 
       3.468977402169e-02       3.100392185315e+00 
       3.484880638259e-02       3.087347309573e+00 
       3.500859829758e-02       3.074303973810e+00 
       3.516917212940e-02       3.061267731083e+00 
       3.533055107886e-02       3.048233107154e+00 
       3.549275922540e-02       3.035200947754e+00 
       3.565582157023e-02       3.022167575270e+00 
       3.581976408199e-02       3.009147888879e+00 
       3.598461374536e-02       2.996127615692e+00 
       3.615039861271e-02       2.983119574215e+00 
       3.631714785906e-02       2.970107790126e+00 
       3.648489184058e-02       2.957099394849e+00 
       3.665366215692e-02       2.944110342706e+00 
       3.682349171774e-02       2.931117136272e+00 
       3.699441481367e-02       2.918129270921e+00 
       3.716646719210e-02       2.905148794690e+00 
       3.733968613823e-02       2.892173125372e+00 
       3.751411056177e-02       2.879197747361e+00 
       3.768978108986e-02       2.866239991932e+00 
       3.786674016657e-02       2.853273848849e+00 
       3.804503215979e-02       2.840307777948e+00 
       3.822470347586e-02       2.827363858212e+00 
       3.840580268301e-02       2.814417102598e+00 
       3.858838064404e-02       2.801457423701e+00 
       3.877249065931e-02       2.788517927600e+00 
       3.895818862096e-02       2.775578437448e+00 
       3.914553317940e-02       2.762639699819e+00 
       3.933458592328e-02       2.749698174871e+00 
       3.952541157417e-02       2.736753299710e+00 
       3.971807819759e-02       2.723820301007e+00 
       3.991265743180e-02       2.710888557336e+00 
       4.010922473646e-02       2.697938095906e+00 
       4.030785966288e-02       2.684999469799e+00 
       4.050864614847e-02       2.672050715354e+00 
       4.071167283779e-02       2.659098767175e+00 
       4.091703343321e-02       2.646138768570e+00 
       4.112482707841e-02       2.633184216057e+00 
       4.133515877846e-02       2.620199936187e+00 
       4.154813986079e-02       2.607219319019e+00 
       4.176388848168e-02       2.594221917652e+00 
       4.198253018382e-02       2.581215675713e+00 
       4.220419851120e-02       2.568190430458e+00 
       4.242903568833e-02       2.555158742782e+00 
       4.265719337197e-02       2.542105147704e+00 
       4.288883348483e-02       2.529019818649e+00 
       4.312412914181e-02       2.515936762154e+00 
       4.336326568147e-02       2.502801050918e+00 
       4.360644181685e-02       2.489645554398e+00 
       4.385387092265e-02       2.476468599964e+00 
       4.410578247799e-02       2.463244754110e+00 
       4.436242368764e-02       2.449999716948e+00 
       4.462406130828e-02       2.436705635839e+00 
       4.489098371107e-02       2.423376590675e+00 
       4.516350321751e-02       2.409995949093e+00 
       4.544195875207e-02       2.396558861214e+00 
       4.572671886360e-02       2.383065313780e+00 
       4.601818517708e-02       2.369518790307e+00 
       4.631679634960e-02       2.355885813145e+00 
       4.662303261929e-02       2.342210883086e+00 
       4.693742105388e-02       2.328440274541e+00 
       4.726054162823e-02       2.314583444038e+00 
       4.759303428806e-02       2.300638062516e+00 
       4.793560719149e-02       2.286587955535e+00 
       4.828904636352e-02       2.272424524810e+00 
       4.865422705274e-02       2.258141636107e+00 
       4.903212714816e-02       2.243730825985e+00 
       4.942384310017e-02       2.229166290795e+00 
       4.983060889990e-02       2.214436756232e+00 
       5.025381881014e-02       2.199563012276e+00 
       5.069505471927e-02       2.184481769117e+00 
       5.115611921608e-02       2.169177293356e+00 
       5.163907577182e-02       2.153622642396e+00 
       5.214629778177e-02       2.137792696893e+00 
       5.268052867832e-02       2.121660480332e+00 
       5.324495589638e-02       2.105175966110e+00 
       5.384330215613e-02       2.088291484335e+00 
       5.447993831049e-02       2.070944584651e+00 
       5.516002281028e-02       2.053062256832e+00 
       5.588967347556e-02       2.034561233480e+00 
       5.667617728526e-02       2.015306602645e+00 
       5.752824238763e-02       1.995157210412e+00 
       5.845629166292e-02       1.973913938433e+00 
       5.947278550584e-02       1.951323356981e+00 
       6.059253702404e-02       1.927042157298e+00 
       6.183293616966e-02       1.900612464217e+00 
       6.321391895944e-02       1.871429859916e+00 
       6.475739931141e-02       1.838708155100e+00 
       6.648575417647e-02       1.801438835945e+00 
       6.841893751845e-02       1.758439967162e+00 
       7.057014991713e-02       1.708468428142e+00 
       7.294096001121e-02       1.650507377503e+00 
       7.551806995251e-02       1.584164602970e+00 
       7.827420133877e-02       1.510064972997e+00 
       8.117356133227e-02       1.430000994610e+00 
       8.417927801560e-02       1.346723992195e+00 
       8.725923920168e-02       1.263457564839e+00 
       9.038865675803e-02       1.183359175272e+00 
       9.354994726216e-02       1.109075864628e+00 
       9.673132963228e-02       1.042492855483e+00 
       9.992519888886e-02       9.846461987288e-01 
       1.031267606933e-01       9.357573219526e-01 
       1.063330369207e-01       8.953492356928e-01 
       1.095421943607e-01       8.624012789010e-01 
       1.127531107498e-01       8.355088194241e-01 
       1.159651012776e-01       8.130415713800e-01 
       1.191777488189e-01       7.933056382379e-01 
       1.223907995083e-01       7.746870920655e-01 
       1.256040988568e-01       7.557943535825e-01 
       1.288175528007e-01       7.355680681704e-01 
       1.320311039975e-01       7.133608188379e-01 
       1.352447174182e-01       6.889609156495e-01 
       1.384583715953e-01       6.625629849537e-01 
       1.416720533079e-01       6.346924244769e-01 
       1.448857543556e-01       6.060977148568e-01 
       1.480994695979e-01       5.776284350424e-01 
       1.513131957646e-01       5.501237390964e-01 
       1.545269307318e-01       5.243142433895e-01 
       1.577406730825e-01       5.007672270594e-01 
       1.609544218378e-01       4.798343433454e-01 
       1.641681762942e-01       4.616434940898e-01 
       1.673819359230e-01       4.461303914420e-01 
       1.705957003091e-01       4.330456680114e-01 
       1.738094691134e-01       4.220086112153e-01 
       1.770232420486e-01       4.125452014949e-01 
       1.802370188648e-01       4.041459214588e-01 
       1.834507993398e-01       3.963269698132e-01 
       1.866645832730e-01       3.886728697387e-01 
       1.898783704814e-01       3.807186013737e-01 
       1.930921607962e-01       3.721835617417e-01 
       1.963059540615e-01       3.629171778029e-01 
       1.995197501323e-01       3.529065308744e-01 
       2.027335488731e-01       3.422651064503e-01 
       2.059473501575e-01       3.312028631252e-01 
       2.091611538671e-01       3.199822561581e-01 
       2.123749598908e-01       3.088830105230e-01 
       2.155887681241e-01       2.981578811925e-01 
       2.188025784691e-01       2.880098251190e-01 
       2.220163908331e-01       2.785971452933e-01 
       2.252302051293e-01       2.700148620169e-01 
       2.284440212754e-01       2.623024553677e-01 
       2.316578391940e-01       2.554505264125e-01 
       2.348716588117e-01       2.493831970570e-01 
       2.380854800593e-01       2.440021646450e-01 
       2.412993028713e-01       2.391621254122e-01 
       2.445131271855e-01       2.346975730993e-01 
       2.477269529431e-01       2.304457220399e-01 
       2.509407800883e-01       2.262608853097e-01 
       2.541546085682e-01       2.220201527174e-01 
       2.573684383324e-01       2.176449394594e-01 
       2.605822693330e-01       2.130917597620e-01 
       2.637961015247e-01       2.083521881789e-01 
       2.670099348642e-01       2.034482372161e-01 
       2.702237693103e-01       1.984259816922e-01 
       2.734376048237e-01       1.933543556772e-01 
       2.766514413671e-01       1.883129637090e-01 
       2.798652789047e-01       1.833836939218e-01 
       2.830791174024e-01       1.786445907290e-01 
       2.862929568279e-01       1.741585177255e-01 
       2.895067971499e-01       1.699664070222e-01 
       2.927206383389e-01       1.660853966603e-01 
       2.959344803664e-01       1.625095574906e-01 
       2.991483232052e-01       1.592144218915e-01 
       3.023621668294e-01       1.561631366384e-01 
       3.055760112140e-01       1.533120077116e-01 
       3.087898563352e-01       1.506137594435e-01 
       3.120037021700e-01       1.480218388658e-01 
       3.152175486966e-01       1.454914937058e-01 
       3.184313958939e-01       1.429830659183e-01 
       3.216452437417e-01       1.404645857499e-01 
       3.248590922206e-01       1.379158653692e-01 
       3.280729413120e-01       1.353290628319e-01 
       3.312867909978e-01       1.327090791189e-01 
       3.345006412610e-01       1.300707268496e-01 
       3.377144920850e-01       1.274360952202e-01 
       3.409283434538e-01       1.248289328079e-01 
       3.441421953521e-01       1.222722100401e-01 
       3.473560477652e-01       1.197859915223e-01 
       3.505699006787e-01       1.173876002032e-01 
       3.537837540791e-01       1.150891678379e-01 
       3.569976079530e-01       1.128996313201e-01 
       3.602114622879e-01       1.108224242990e-01 
       3.634253170713e-01       1.088554020116e-01 
       3.666391722915e-01       1.069893321078e-01 
       3.698530279369e-01       1.052108084172e-01 
       3.730668839967e-01       1.035029476307e-01 
       3.762807404600e-01       1.018483830358e-01 
       3.794945973167e-01       1.002314154659e-01 
       3.827084545567e-01       9.863976295955e-02 
       3.859223121705e-01       9.706479886896e-02 
       3.891361701487e-01       9.550123662461e-02 
       3.923500284823e-01       9.394615391299e-02 
       3.955638871627e-01       9.239869767340e-02 
       3.987777461815e-01       9.086025353549e-02 
       4.019916055304e-01       8.933387822148e-02 
       4.052054652017e-01       8.782504136346e-02 
       4.084193251876e-01       8.634039524038e-02 
       4.116331854808e-01       8.488708319334e-02 
       4.148470460740e-01       8.347140823008e-02 
       4.180609069605e-01       8.209746935517e-02 
       4.212747681333e-01       8.076722246508e-02 
       4.244886295860e-01       7.948074915146e-02 
       4.277024913123e-01       7.823646716934e-02 
       4.309163533060e-01       7.703243711715e-02 
       4.341302155611e-01       7.586628428728e-02 
       4.373440780719e-01       7.473553796722e-02 
       4.405579408327e-01       7.363697473363e-02 
       4.437718038381e-01       7.256661740250e-02 
       4.469856670828e-01       7.151982006058e-02 
       4.501995305617e-01       7.049190702859e-02 
       4.534133942698e-01       6.947899495465e-02 
       4.566272582021e-01       6.847850044962e-02 
       4.598411223540e-01       6.748937278339e-02 
       4.630549867210e-01       6.651180927833e-02 
       4.662688512984e-01       6.554659104698e-02 
       4.694827160821e-01       6.459471708460e-02 
       4.726965810677e-01       6.365712772227e-02 
       4.759104462512e-01       6.273480343000e-02 
       4.791243116286e-01       6.182878313491e-02 
       4.823381771960e-01       6.094078901299e-02 
       4.855520429496e-01       6.007254442018e-02 
       4.887659088857e-01       5.922564341407e-02 
       4.919797750007e-01       5.840084981415e-02 
       4.951936412912e-01       5.759819666019e-02 
       4.984075077536e-01       5.681642803008e-02 
       5.016213743848e-01       5.605374690334e-02 
       5.048352411815e-01       5.530812072844e-02 
       5.080491081405e-01       5.457777663221e-02 
       5.112629752588e-01       5.386136483323e-02 
       5.144768425333e-01       5.315789585924e-02 
       5.176907099612e-01       5.246646137484e-02 
       5.209045775396e-01       5.178609057235e-02 
       5.241184452657e-01       5.111568119674e-02 
       5.273323131368e-01       5.045440270971e-02 
       5.305461811503e-01       4.980181812445e-02 
       5.337600493036e-01       4.915808467645e-02 
       5.369739175941e-01       4.852386598254e-02 
       5.401877860195e-01       4.790013886954e-02 
       5.434016545772e-01       4.728760081986e-02 
       5.466155232651e-01       4.668663545954e-02 
       5.498293920807e-01       4.609703363077e-02 
       5.530432610219e-01       4.551876460398e-02 
       5.562571300865e-01       4.495128365223e-02 
       5.594709992723e-01       4.439443009181e-02 
       5.626848685772e-01       4.384837396357e-02 
       5.658987379993e-01       4.331290988829e-02 
       5.691126075365e-01       4.278795038676e-02 
       5.723264771868e-01       4.227307651574e-02 
       5.755403469485e-01       4.176752086896e-02 
       5.787542168196e-01       4.127041294282e-02 
       5.819680867983e-01       4.078107295467e-02 
       5.851819568828e-01       4.029907101988e-02 
       5.883958270714e-01       3.982435226818e-02 
       5.916096973624e-01       3.935698161641e-02 
       5.948235677541e-01       3.889699059715e-02 
       5.980374382449e-01       3.844414108403e-02 
       6.012513088332e-01       3.799817049478e-02 
       6.044651795175e-01       3.755869016132e-02 
       6.076790502961e-01       3.712553359918e-02 
       6.108929211677e-01       3.669871748538e-02 
       6.141067921308e-01       3.627858412281e-02 
       6.173206631839e-01       3.586544475218e-02 
       6.205345343256e-01       3.545945849198e-02 
       6.237484055545e-01       3.506054447406e-02 
       6.269622768694e-01       3.466843307622e-02 
       6.301761482688e-01       3.428261490388e-02 
       6.333900197516e-01       3.390290056941e-02 
       6.366038913164e-01       3.352907336538e-02 
       6.398177629619e-01       3.316111079787e-02 
       6.430316346871e-01       3.279906099286e-02 
       6.462455064906e-01       3.244289439194e-02 
       6.494593783714e-01       3.209232858575e-02 
       6.526732503282e-01       3.174702308988e-02 
       6.558871223600e-01       3.140655996610e-02 
       6.591009944657e-01       3.107071285767e-02 
       6.623148666441e-01       3.073939700748e-02 
       6.655287388943e-01       3.041278135356e-02 
       6.687426112152e-01       3.009095960367e-02 
       6.719564836057e-01       2.977403816636e-02 
       6.751703560649e-01       2.946190965348e-02 
       6.783842285918e-01       2.915436254382e-02 
       6.815981011854e-01       2.885112922146e-02 
       6.848119738448e-01       2.855206667943e-02 
       6.880258465691e-01       2.825717612660e-02 
       6.912397193574e-01       2.796657179327e-02 
       6.944535922087e-01       2.768038310013e-02 
       6.976674651222e-01       2.739861031656e-02 
       7.008813380971e-01       2.712113714382e-02 
       7.040952111324e-01       2.684779222057e-02 
       7.073090842275e-01       2.657812032473e-02 
       7.105229573814e-01       2.631204143286e-02 
       7.137368305933e-01       2.604951647945e-02 
       7.169507038626e-01       2.579059022495e-02 
       7.201645771883e-01       2.553536379399e-02 
       7.233784505698e-01       2.528382646859e-02 
       7.265923240064e-01       2.503583974258e-02 
       7.298061974972e-01       2.479120816824e-02 
       7.330200710416e-01       2.454973544581e-02 
       7.362339446388e-01       2.431127784663e-02 
       7.394478182883e-01       2.407586588042e-02 
       7.426616919892e-01       2.384358958913e-02 
       7.458755657410e-01       2.361455788271e-02 
       7.490894395429e-01       2.338878776377e-02 
       7.523033133944e-01       2.316618953905e-02 
       7.555171872948e-01       2.294657422000e-02 
       8.259205627815e-01       1.878180797959e-02 
       9.280150980228e-01       1.441180740392e-02 
       1.090552453521e+00       9.937786738704e-03 
       1.346943533441e+00       6.060808012771e-03 
       1.693655695988e+00       3.511009306898e-03 
       2.132152443295e+00       2.009944472000e-03 
       2.684220786091e+00       1.141207971264e-03 
       3.379233758430e+00       6.431755866533e-04 
       4.254203250880e+00       3.600604996036e-04 
       5.355724579470e+00       2.003367215091e-04 
       6.742457771666e+00       1.108433355439e-04 
       8.488251426699e+00       6.101482978973e-05 
       1.068607542277e+01       3.342864674319e-05 
       1.345297190207e+01       1.823556670247e-05 
       1.693628819167e+01       9.907842750839e-06 
       2.132152358597e+01       5.363254902921e-06 
       2.684220786054e+01       2.893167439123e-06 
       3.379233758430e+01       1.555628213940e-06 
       4.254203250880e+01       8.338891516511e-07 
       5.355724579470e+01       4.456841112696e-07 
       6.742457771666e+01       2.375173775734e-07 
       8.488251426699e+01       1.262136341440e-07 
       1.068607542277e+02       6.686557725224e-08 
